20
100
0 13
1 3
1 4
1 8
1 10
1 15
1 19
2 0
2 2
2 16
3 13
3 16
3 17
3 19
4 1
4 10
4 13
4 19
5 10
5 18
5 19
6 0
6 1
6 3
6 5
6 6
6 7
6 8
6 14
6 18
6 19
7 7
7 13
7 16
7 17
8 0
8 6
8 7
8 8
8 18
9 0
9 4
9 7
9 10
9 12
9 14
10 3
10 10
10 16
10 19
11 1
11 3
11 4
11 5
11 8
11 10
11 11
11 14
11 15
11 16
11 18
11 19
12 5
12 6
12 7
12 8
12 10
12 15
12 18
13 10
13 16
14 0
14 4
14 6
14 10
14 17
15 0
15 4
15 5
15 7
15 8
15 9
15 10
15 14
16 7
16 15
16 16
16 19
17 2
17 3
17 12
17 13
17 16
17 19
18 3
18 6
18 15
19 0
19 3
19 6
